~~~~~~~~~~~~~BEGINNING TESTING~~~~~~~~~~~~~
GENERATING MATRIX...
~~~~~~~~~~~~~SOLVING FOR X~~~~~~~~~~~~~
...via Cholesky Decomposition...
x:
| 0.498863  |
| 0.695371  |
| 0.787169  |
| 0.83688  |
| 0.867034  |
| 0.886872  |
| 0.900679  |
| 0.910657  |
| 0.91804  |
| 0.923565  |
| 0.927692  |
| 0.930721  |
| 0.932845  |
| 0.934189  |
| 0.934828  |
| 0.934796  |
| 0.934088  |
| 0.932667  |
| 0.930451  |
| 0.927305  |
| 0.923018  |
| 0.917262  |
| 0.909524  |
| 0.898966  |
| 0.884135  |
| 0.862319  |
| 0.827909  |
| 0.767835  |
| 0.647245  |
| 0.359875  |
| 0.300081  |
| 0.495452  |
| 0.616427  |
| 0.693316  |
| 0.744382  |
| 0.779776  |
| 0.805186  |
| 0.823909  |
| 0.837939  |
| 0.848527  |
| 0.856484  |
| 0.862346  |
| 0.866469  |
| 0.869084  |
| 0.870329  |
| 0.870265  |
| 0.86889  |
| 0.866129  |
| 0.861833  |
| 0.855752  |
| 0.847503  |
| 0.836505  |
| 0.821869  |
| 0.802203  |
| 0.775256  |
| 0.73723  |
| 0.681483  |
| 0.596187  |
| 0.461269  |
| 0.251954  |
| 0.206008  |
| 0.36993  |
| 0.489769  |
| 0.575576  |
| 0.637401  |
| 0.682665  |
| 0.71638  |
| 0.741855  |
| 0.761279  |
| 0.776119  |
| 0.78737  |
| 0.79571  |
| 0.801602  |
| 0.805349  |
| 0.807136  |
| 0.807048  |
| 0.805077  |
| 0.801127  |
| 0.794999  |
| 0.786367  |
| 0.774738  |
| 0.759386  |
| 0.739242  |
| 0.712723  |
| 0.677456  |
| 0.629863  |
| 0.564606  |
| 0.474162  |
| 0.349689  |
| 0.186673  |
| 0.154022  |
| 0.288492  |
| 0.397143  |
| 0.481817  |
| 0.546983  |
| 0.597103  |
| 0.635814  |
| 0.665851  |
| 0.689204  |
| 0.707302  |
| 0.721166  |
| 0.731523  |
| 0.738879  |
| 0.743575  |
| 0.74582  |
| 0.745712  |
| 0.743243  |
| 0.738304  |
| 0.73067  |
| 0.719979  |
| 0.705696  |
| 0.687059  |
| 0.662991  |
| 0.631991  |
| 0.591983  |
| 0.540159  |
| 0.472915  |
| 0.386166  |
| 0.276651  |
| 0.145047  |
| 0.121589  |
| 0.232871  |
| 0.328493  |
| 0.407568  |
| 0.471609  |
| 0.52295  |
| 0.563923  |
| 0.596532  |
| 0.622383  |
| 0.642717  |
| 0.65847  |
| 0.670337  |
| 0.678816  |
| 0.684251  |
| 0.686858  |
| 0.686736  |
| 0.683879  |
| 0.678175  |
| 0.669397  |
| 0.657182  |
| 0.64101  |
| 0.620162  |
| 0.593671  |
| 0.560266  |
| 0.518325  |
| 0.465875  |
| 0.400731  |
| 0.320936  |
| 0.225703  |
| 0.116865  |
| 0.0994645  |
| 0.192909  |
| 0.276392  |
| 0.348353  |
| 0.408933  |
| 0.459165  |
| 0.500396  |
| 0.533971  |
| 0.56108  |
| 0.582713  |
| 0.599662  |
| 0.612538  |
| 0.621795  |
| 0.627756  |
| 0.630624  |
| 0.630494  |
| 0.627362  |
| 0.621122  |
| 0.61156  |
| 0.598342  |
| 0.580999  |
| 0.558908  |
| 0.531265  |
| 0.497078  |
| 0.455177  |
| 0.404284  |
| 0.343196  |
| 0.271145  |
| 0.188359  |
| 0.0967113  |
| 0.0833594  |
| 0.16291  |
| 0.235811  |
| 0.30052  |
| 0.356608  |
| 0.404379  |
| 0.444525  |
| 0.477875  |
| 0.505252  |
| 0.527394  |
| 0.544927  |
| 0.558357  |
| 0.568072  |
| 0.574355  |
| 0.577387  |
| 0.577254  |
| 0.573954  |
| 0.567392  |
| 0.557379  |
| 0.543626  |
| 0.525738  |
| 0.503206  |
| 0.475403  |
| 0.441605  |
| 0.401021  |
| 0.352887  |
| 0.296625  |
| 0.232089  |
| 0.159878  |
| 0.08162  |
| 0.071063  |
| 0.139561  |
| 0.203421  |
| 0.261307  |
| 0.312598  |
| 0.357219  |
| 0.39545  |
| 0.427754  |
| 0.454659  |
| 0.476683  |
| 0.494295  |
| 0.50789  |
| 0.517782  |
| 0.524206  |
| 0.527314  |
| 0.527182  |
| 0.523808  |
| 0.517112  |
| 0.506937  |
| 0.493046  |
| 0.475122  |
| 0.452773  |
| 0.425538  |
| 0.392917  |
| 0.354414  |
| 0.309619  |
| 0.258329  |
| 0.200706  |
| 0.137445  |
| 0.0698905  |
| 0.0613321  |
| 0.120849  |
| 0.177005  |
| 0.228691  |
| 0.275258  |
| 0.31645  |
| 0.352303  |
| 0.383031  |
| 0.408945  |
| 0.430385  |
| 0.447681  |
| 0.461125  |
| 0.47096  |
| 0.477371  |
| 0.480482  |
| 0.480353  |
| 0.476984  |
| 0.470311  |
| 0.460211  |
| 0.446498  |
| 0.428932  |
| 0.407225  |
| 0.381059  |
| 0.350111  |
| 0.314099  |
| 0.272847  |
| 0.226367  |
| 0.174961  |
| 0.119306  |
| 0.0604968  |
| 0.053417  |
| 0.105496  |
| 0.15506  |
| 0.201194  |
| 0.243291  |
| 0.281021  |
| 0.314279  |
| 0.343123  |
| 0.367706  |
| 0.388232  |
| 0.404918  |
| 0.417969  |
| 0.427563  |
| 0.433838  |
| 0.436889  |
| 0.436764  |
| 0.433463  |
| 0.426939  |
| 0.417098  |
| 0.403803  |
| 0.386882  |
| 0.366137  |
| 0.341361  |
| 0.312368  |
| 0.279024  |
| 0.241301  |
| 0.199331  |
| 0.153465  |
| 0.104321  |
| 0.0527908  |
| 0.0468394  |
| 0.0926604  |
| 0.136543  |
| 0.177736  |
| 0.215692  |
| 0.250062  |
| 0.280671  |
| 0.307476  |
| 0.330523  |
| 0.349918  |
| 0.36579  |
| 0.378271  |
| 0.387485  |
| 0.393528  |
| 0.396471  |
| 0.39635  |
| 0.393165  |
| 0.386884  |
| 0.377438  |
| 0.364734  |
| 0.348656  |
| 0.329078  |
| 0.305882  |
| 0.278976  |
| 0.24833  |
| 0.214003  |
| 0.17619  |
| 0.135247  |
| 0.091722  |
| 0.0463452  |
| 0.0412801  |
| 0.0817632  |
| 0.120715  |
| 0.157514  |
| 0.191677  |
| 0.222865  |
| 0.250868  |
| 0.275585  |
| 0.296994  |
| 0.315128  |
| 0.330051  |
| 0.341842  |
| 0.350576  |
| 0.356319  |
| 0.359119  |
| 0.359  |
| 0.355965  |
| 0.349992  |
| 0.341037  |
| 0.32904  |
| 0.31393  |
| 0.295639  |
| 0.274111  |
| 0.249325  |
| 0.221314  |
| 0.190192  |
| 0.156177  |
| 0.119612  |
| 0.0809744  |
| 0.0408683  |
| 0.0365179  |
| 0.0723969  |
| 0.107041  |
| 0.139929  |
| 0.170639  |
| 0.198853  |
| 0.224351  |
| 0.247001  |
| 0.266739  |
| 0.283547  |
| 0.297446  |
| 0.308469  |
| 0.316658  |
| 0.322054  |
| 0.324684  |
| 0.324566  |
| 0.321703  |
| 0.316082  |
| 0.307678  |
| 0.296458  |
| 0.282387  |
| 0.265436  |
| 0.245599  |
| 0.222899  |
| 0.19741  |
| 0.169275  |
| 0.138715  |
| 0.10605  |
| 0.0716949  |
| 0.0361535  |
| 0.0323945  |
| 0.0642661  |
| 0.0951215  |
| 0.124521  |
| 0.152096  |
| 0.177555  |
| 0.200683  |
| 0.221332  |
| 0.239412  |
| 0.254878  |
| 0.267715  |
| 0.277929  |
| 0.285535  |
| 0.290553  |
| 0.292997  |
| 0.292878  |
| 0.2902  |
| 0.284955  |
| 0.277135  |
| 0.266727  |
| 0.253721  |
| 0.238121  |
| 0.21995  |
| 0.199261  |
| 0.176154  |
| 0.15078  |
| 0.123359  |
| 0.0941792  |
| 0.0636014  |
| 0.0320506  |
| 0.0287939  |
| 0.0571516  |
| 0.084658  |
| 0.110938  |
| 0.13567  |
| 0.158589  |
| 0.179493  |
| 0.19823  |
| 0.2147  |
| 0.228838  |
| 0.240608  |
| 0.249997  |
| 0.257001  |
| 0.261625  |
| 0.263873  |
| 0.263751  |
| 0.261261  |
| 0.256405  |
| 0.249181  |
| 0.239593  |
| 0.227651  |
| 0.213377  |
| 0.196817  |
| 0.178042  |
| 0.157163  |
| 0.134334  |
| 0.109761  |
| 0.0837058  |
| 0.0564811  |
| 0.0284474  |
| 0.0256297  |
| 0.0508881  |
| 0.0754207  |
| 0.098904  |
| 0.121056  |
| 0.14164  |
| 0.160468  |
| 0.177396  |
| 0.192319  |
| 0.205164  |
| 0.215884  |
| 0.22445  |
| 0.230848  |
| 0.235072  |
| 0.237119  |
| 0.236991  |
| 0.23469  |
| 0.230221  |
| 0.223591  |
| 0.214813  |
| 0.203911  |
| 0.190921  |
| 0.175899  |
| 0.158928  |
| 0.140122  |
| 0.119631  |
| 0.0976464  |
| 0.0744016  |
| 0.0501696  |
| 0.0252581  |
| 0.0228367  |
| 0.0453505  |
| 0.0672327  |
| 0.0882013  |
| 0.108009  |
| 0.126446  |
| 0.143344  |
| 0.158568  |
| 0.172017  |
| 0.183615  |
| 0.193312  |
| 0.201071  |
| 0.20687  |
| 0.210695  |
| 0.21254  |
| 0.212403  |
| 0.210287  |
| 0.206198  |
| 0.200148  |
| 0.192158  |
| 0.182259  |
| 0.170496  |
| 0.15693  |
| 0.141649  |
| 0.124765  |
| 0.106421  |
| 0.0867918  |
| 0.0660846  |
| 0.0445377  |
| 0.0224153  |
| 0.0203668  |
| 0.0404444  |
| 0.0599584  |
| 0.0786598  |
| 0.096332  |
| 0.112793  |
| 0.127894  |
| 0.141515  |
| 0.153564  |
| 0.163969  |
| 0.172678  |
| 0.179652  |
| 0.184865  |
| 0.188299  |
| 0.189944  |
| 0.189795  |
| 0.187856  |
| 0.184135  |
| 0.178646  |
| 0.171413  |
| 0.162472  |
| 0.151872  |
| 0.139677  |
| 0.125974  |
| 0.110869  |
| 0.094497  |
| 0.0770149  |
| 0.0586072  |
| 0.0394815  |
| 0.0198653  |
| 0.0181859  |
| 0.0361021  |
| 0.0534966  |
| 0.0701473  |
| 0.0858664  |
| 0.1005  |
| 0.113922  |
| 0.126034  |
| 0.136754  |
| 0.146019  |
| 0.153779  |
| 0.159995  |
| 0.164639  |
| 0.167692  |
| 0.16914  |
| 0.168978  |
| 0.167209  |
| 0.163839  |
| 0.158887  |
| 0.152376  |
| 0.144345  |
| 0.134842  |
| 0.123933  |
| 0.111699  |
| 0.0982416  |
| 0.0836823  |
| 0.0681635  |
| 0.0518477  |
| 0.0349159  |
| 0.0175644  |
| 0.0162747  |
| 0.0322814  |
| 0.0477787  |
| 0.0625663  |
| 0.0764865  |
| 0.0894173  |
| 0.101263  |
| 0.111945  |
| 0.1214  |
| 0.129574  |
| 0.136423  |
| 0.14191  |
| 0.146005  |
| 0.148689  |
| 0.149946  |
| 0.14977  |
| 0.148161  |
| 0.145127  |
| 0.140685  |
| 0.13486  |
| 0.127689  |
| 0.119219  |
| 0.109513  |
| 0.0986476  |
| 0.0867157  |
| 0.0738273  |
| 0.0601091  |
| 0.0457043  |
| 0.0307702  |
| 0.0154762  |
| 0.0146315  |
| 0.0289702  |
| 0.0427704  |
| 0.0558526  |
| 0.0680962  |
| 0.0794203  |
| 0.0897656  |
| 0.0990827  |
| 0.107327  |
| 0.114455  |
| 0.12043  |
| 0.125215  |
| 0.128783  |
| 0.131112  |
| 0.132185  |
| 0.131994  |
| 0.130538  |
| 0.127823  |
| 0.123866  |
| 0.118691  |
| 0.112331  |
| 0.104832  |
| 0.0962528  |
| 0.0866627  |
| 0.0761463  |
| 0.0648019  |
| 0.0527414  |
| 0.0400901  |
| 0.0269843  |
| 0.0135701  |
| 0.013281  |
| 0.0261976  |
| 0.0384802  |
| 0.0499776  |
| 0.0606254  |
| 0.070402  |
| 0.0792967  |
| 0.0872938  |
| 0.0943688  |
| 0.10049  |
| 0.105625  |
| 0.109738  |
| 0.112801  |
| 0.114791  |
| 0.115688  |
| 0.115483  |
| 0.114173  |
| 0.111763  |
| 0.108266  |
| 0.103705  |
| 0.0981116  |
| 0.0915268  |
| 0.0840031  |
| 0.0756041  |
| 0.066405  |
| 0.0564925  |
| 0.0459647  |
| 0.0349303  |
| 0.023507  |
| 0.0118201  |
| 0.0122949  |
| 0.0240589  |
| 0.0349752  |
| 0.0449522  |
| 0.0540258  |
| 0.0622657  |
| 0.0697255  |
| 0.076427  |
| 0.0823641  |
| 0.0875129  |
| 0.0918403  |
| 0.0953113  |
| 0.0978938  |
| 0.0995611  |
| 0.100293  |
| 0.100077  |
| 0.0989076  |
| 0.0967884  |
| 0.0937303  |
| 0.0897526  |
| 0.0848835  |
| 0.07916  |
| 0.0726287  |
| 0.0653457  |
| 0.057377  |
| 0.0487984  |
| 0.0396946  |
| 0.0301593  |
| 0.0202932  |
| 0.0102031  |
| 0.0118397  |
| 0.0227679  |
| 0.0324095  |
| 0.0408303  |
| 0.0482597  |
| 0.0549097  |
| 0.0609126  |
| 0.0663244  |
| 0.071148  |
| 0.0753569  |
| 0.0789123  |
| 0.081773  |
| 0.0839015  |
| 0.085267  |
| 0.0858462  |
| 0.0856238  |
| 0.0845925  |
| 0.0827531  |
| 0.080114  |
| 0.0766915  |
| 0.0725098  |
| 0.0676011  |
| 0.0620059  |
| 0.055773  |
| 0.0489591  |
| 0.0416293  |
| 0.0338562  |
| 0.0257191  |
| 0.0173034  |
| 0.00869923  |
| 0.0122961  |
| 0.0227636  |
| 0.0310645  |
| 0.0376997  |
| 0.0432731  |
| 0.0482006  |
| 0.0526909  |
| 0.05681  |
| 0.0605464  |
| 0.0638546  |
| 0.066679  |
| 0.0689667  |
| 0.0706722  |
| 0.0717592  |
| 0.0722009  |
| 0.0719796  |
| 0.0710856  |
| 0.0695175  |
| 0.0672811  |
| 0.0643896  |
| 0.060863  |
| 0.0567287  |
| 0.052021  |
| 0.0467811  |
| 0.0410571  |
| 0.0349037  |
| 0.0283817  |
| 0.0215574  |
| 0.014502  |
| 0.00729041  |
| 0.0145812  |
| 0.0249258  |
| 0.0313853  |
| 0.0356309  |
| 0.0389324  |
| 0.0419289  |
| 0.0448403  |
| 0.0476782  |
| 0.0503732  |
| 0.0528359  |
| 0.0549825  |
| 0.0567427  |
| 0.0580613  |
| 0.0588967  |
| 0.0592188  |
| 0.059008  |
| 0.0582529  |
| 0.0569503  |
| 0.0551035  |
| 0.0527226  |
| 0.049824  |
| 0.0464298  |
| 0.0425682  |
| 0.0382733  |
| 0.0335845  |
| 0.0285466  |
| 0.0232094  |
| 0.0176269  |
| 0.011857  |
| 0.0059604  |
| 0.021103  |
| 0.030973  |
| 0.0339199  |
| 0.0345061  |
| 0.0348967  |
| 0.0357424  |
| 0.0370631  |
| 0.0386894  |
| 0.0404322  |
| 0.0421334  |
| 0.0436723  |
| 0.0449603  |
| 0.0459338  |
| 0.0465473  |
| 0.0467697  |
| 0.0465805  |
| 0.0459679  |
| 0.0449271  |
| 0.0434599  |
| 0.0415735  |
| 0.0392804  |
| 0.0365981  |
| 0.0335489  |
| 0.0301594  |
| 0.026461  |
| 0.0224889  |
| 0.0182823  |
| 0.0138838  |
| 0.00933851  |
| 0.00469422  |
| 0.0388578  |
| 0.0439433  |
| 0.0388153  |
| 0.033577  |
| 0.0304057  |
| 0.029081  |
| 0.0289804  |
| 0.029584  |
| 0.0305329  |
| 0.0315932  |
| 0.0326129  |
| 0.0334926  |
| 0.0341661  |
| 0.0345891  |
| 0.0347323  |
| 0.0345766  |
| 0.0341109  |
| 0.0333304  |
| 0.0322355  |
| 0.0308311  |
| 0.0291261  |
| 0.0271335  |
| 0.0248697  |
| 0.0223545  |
| 0.0196111  |
| 0.0166657  |
| 0.0135473  |
| 0.0102873  |
| 0.00691913  |
| 0.00347796  |
| 0.0903848  |
| 0.0671273  |
| 0.0438208  |
| 0.030581  |
| 0.0240683  |
| 0.0211953  |
| 0.0201937  |
| 0.0201331  |
| 0.0205224  |
| 0.0210936  |
| 0.0216936  |
| 0.0222309  |
| 0.0226488  |
| 0.0229109  |
| 0.0229937  |
| 0.0228825  |
| 0.0225687  |
| 0.0220481  |
| 0.0213206  |
| 0.0203891  |
| 0.0192595  |
| 0.0179401  |
| 0.0164418  |
| 0.0147778  |
| 0.0129633  |
| 0.0110156  |
| 0.00895392  |
| 0.00679894  |
| 0.00457275  |
| 0.00229848  |
| 0.255554  |
| 0.0903603  |
| 0.0387598  |
| 0.020858  |
| 0.0140911  |
| 0.0114381  |
| 0.010466  |
| 0.0102323  |
| 0.0103299  |
| 0.0105651  |
| 0.0108369  |
| 0.0110888  |
| 0.0112874  |
| 0.0114119  |
| 0.0114492  |
| 0.0113912  |
| 0.0112332  |
| 0.0109727  |
| 0.0106097  |
| 0.0101454  |
| 0.00958262  |
| 0.00892562  |
| 0.00817974  |
| 0.00735152  |
| 0.00644857  |
| 0.0054795  |
| 0.0044538  |
| 0.0033818  |
| 0.00227444  |
| 0.00114323  |
Took time of: 3.76308 seconds.

...via Gaussian Elimination...
x:
| 0.498863  |
| 0.695371  |
| 0.787169  |
| 0.836879  |
| 0.867033  |
| 0.886872  |
| 0.900678  |
| 0.910656  |
| 0.91804  |
| 0.923564  |
| 0.927691  |
| 0.93072  |
| 0.932844  |
| 0.934188  |
| 0.934827  |
| 0.934795  |
| 0.934087  |
| 0.932666  |
| 0.930451  |
| 0.927304  |
| 0.923017  |
| 0.917261  |
| 0.909523  |
| 0.898965  |
| 0.884135  |
| 0.862318  |
| 0.827909  |
| 0.767835  |
| 0.647245  |
| 0.359875  |
| 0.300081  |
| 0.495452  |
| 0.616426  |
| 0.693315  |
| 0.744381  |
| 0.779775  |
| 0.805185  |
| 0.823908  |
| 0.837938  |
| 0.848525  |
| 0.856482  |
| 0.862344  |
| 0.866467  |
| 0.869082  |
| 0.870327  |
| 0.870264  |
| 0.868888  |
| 0.866128  |
| 0.861831  |
| 0.855751  |
| 0.847502  |
| 0.836504  |
| 0.821867  |
| 0.802202  |
| 0.775255  |
| 0.737229  |
| 0.681483  |
| 0.596187  |
| 0.461268  |
| 0.251954  |
| 0.206008  |
| 0.36993  |
| 0.489768  |
| 0.575575  |
| 0.6374  |
| 0.682664  |
| 0.716379  |
| 0.741853  |
| 0.761277  |
| 0.776117  |
| 0.787368  |
| 0.795708  |
| 0.801599  |
| 0.805347  |
| 0.807134  |
| 0.807045  |
| 0.805075  |
| 0.801125  |
| 0.794997  |
| 0.786365  |
| 0.774736  |
| 0.759384  |
| 0.73924  |
| 0.712722  |
| 0.677455  |
| 0.629862  |
| 0.564605  |
| 0.474161  |
| 0.349688  |
| 0.186672  |
| 0.154022  |
| 0.288491  |
| 0.397142  |
| 0.481816  |
| 0.546981  |
| 0.597101  |
| 0.635812  |
| 0.665849  |
| 0.689201  |
| 0.707299  |
| 0.721163  |
| 0.73152  |
| 0.738875  |
| 0.743571  |
| 0.745817  |
| 0.745708  |
| 0.74324  |
| 0.738301  |
| 0.730667  |
| 0.719976  |
| 0.705694  |
| 0.687056  |
| 0.662988  |
| 0.631989  |
| 0.591981  |
| 0.540157  |
| 0.472914  |
| 0.386165  |
| 0.276651  |
| 0.145047  |
| 0.121589  |
| 0.23287  |
| 0.328492  |
| 0.407567  |
| 0.471607  |
| 0.522948  |
| 0.563921  |
| 0.596529  |
| 0.62238  |
| 0.642714  |
| 0.658467  |
| 0.670333  |
| 0.678812  |
| 0.684248  |
| 0.686854  |
| 0.686733  |
| 0.683876  |
| 0.678173  |
| 0.669394  |
| 0.657179  |
| 0.641007  |
| 0.620159  |
| 0.593669  |
| 0.560264  |
| 0.518323  |
| 0.465873  |
| 0.400729  |
| 0.320935  |
| 0.225702  |
| 0.116865  |
| 0.0994641  |
| 0.192908  |
| 0.27639  |
| 0.348352  |
| 0.408931  |
| 0.459162  |
| 0.500393  |
| 0.533968  |
| 0.561077  |
| 0.58271  |
| 0.599659  |
| 0.612534  |
| 0.621792  |
| 0.627753  |
| 0.63062  |
| 0.630491  |
| 0.627359  |
| 0.62112  |
| 0.611557  |
| 0.598339  |
| 0.580997  |
| 0.558905  |
| 0.531263  |
| 0.497076  |
| 0.455175  |
| 0.404282  |
| 0.343195  |
| 0.271144  |
| 0.188359  |
| 0.0967109  |
| 0.0833589  |
| 0.162909  |
| 0.235809  |
| 0.300518  |
| 0.356605  |
| 0.404377  |
| 0.444522  |
| 0.477872  |
| 0.505248  |
| 0.52739  |
| 0.544923  |
| 0.558353  |
| 0.568069  |
| 0.574352  |
| 0.577383  |
| 0.577251  |
| 0.573951  |
| 0.567389  |
| 0.557376  |
| 0.543624  |
| 0.525736  |
| 0.503203  |
| 0.475401  |
| 0.441602  |
| 0.401019  |
| 0.352885  |
| 0.296624  |
| 0.232088  |
| 0.159878  |
| 0.0816196  |
| 0.0710625  |
| 0.13956  |
| 0.203419  |
| 0.261305  |
| 0.312596  |
| 0.357217  |
| 0.395447  |
| 0.427751  |
| 0.454655  |
| 0.47668  |
| 0.494291  |
| 0.507886  |
| 0.517778  |
| 0.524202  |
| 0.52731  |
| 0.527179  |
| 0.523805  |
| 0.517109  |
| 0.506934  |
| 0.493043  |
| 0.475119  |
| 0.45277  |
| 0.425535  |
| 0.392914  |
| 0.354412  |
| 0.309617  |
| 0.258328  |
| 0.200705  |
| 0.137444  |
| 0.0698901  |
| 0.0613317  |
| 0.120848  |
| 0.177004  |
| 0.228689  |
| 0.275255  |
| 0.316447  |
| 0.3523  |
| 0.383028  |
| 0.408942  |
| 0.430382  |
| 0.447677  |
| 0.461121  |
| 0.470957  |
| 0.477368  |
| 0.480478  |
| 0.48035  |
| 0.476981  |
| 0.470309  |
| 0.460208  |
| 0.446495  |
| 0.428929  |
| 0.407222  |
| 0.381056  |
| 0.350108  |
| 0.314097  |
| 0.272845  |
| 0.226365  |
| 0.17496  |
| 0.119305  |
| 0.0604964  |
| 0.0534165  |
| 0.105495  |
| 0.155058  |
| 0.201193  |
| 0.243289  |
| 0.281018  |
| 0.314277  |
| 0.34312  |
| 0.367703  |
| 0.388228  |
| 0.404914  |
| 0.417966  |
| 0.42756  |
| 0.433835  |
| 0.436885  |
| 0.43676  |
| 0.43346  |
| 0.426936  |
| 0.417095  |
| 0.4038  |
| 0.386879  |
| 0.366134  |
| 0.341359  |
| 0.312366  |
| 0.279022  |
| 0.241299  |
| 0.199329  |
| 0.153464  |
| 0.10432  |
| 0.0527903  |
| 0.0468389  |
| 0.0926595  |
| 0.136541  |
| 0.177734  |
| 0.215689  |
| 0.25006  |
| 0.280669  |
| 0.307473  |
| 0.33052  |
| 0.349915  |
| 0.365786  |
| 0.378268  |
| 0.387481  |
| 0.393525  |
| 0.396468  |
| 0.396347  |
| 0.393163  |
| 0.386881  |
| 0.377435  |
| 0.364731  |
| 0.348653  |
| 0.329076  |
| 0.305879  |
| 0.278974  |
| 0.248327  |
| 0.214001  |
| 0.176188  |
| 0.135246  |
| 0.0917212  |
| 0.0463448  |
| 0.0412796  |
| 0.0817623  |
| 0.120714  |
| 0.157513  |
| 0.191675  |
| 0.222863  |
| 0.250865  |
| 0.275582  |
| 0.29699  |
| 0.315124  |
| 0.330048  |
| 0.341839  |
| 0.350573  |
| 0.356316  |
| 0.359116  |
| 0.358997  |
| 0.355963  |
| 0.349989  |
| 0.341034  |
| 0.329037  |
| 0.313928  |
| 0.295637  |
| 0.274109  |
| 0.249323  |
| 0.221312  |
| 0.190191  |
| 0.156176  |
| 0.119611  |
| 0.0809736  |
| 0.0408679  |
| 0.0365174  |
| 0.072396  |
| 0.107039  |
| 0.139927  |
| 0.170637  |
| 0.19885  |
| 0.224349  |
| 0.246999  |
| 0.266736  |
| 0.283545  |
| 0.297443  |
| 0.308466  |
| 0.316655  |
| 0.322051  |
| 0.324681  |
| 0.324564  |
| 0.321701  |
| 0.31608  |
| 0.307675  |
| 0.296455  |
| 0.282384  |
| 0.265434  |
| 0.245597  |
| 0.222897  |
| 0.197408  |
| 0.169273  |
| 0.138714  |
| 0.106049  |
| 0.0716942  |
| 0.0361531  |
| 0.0323941  |
| 0.0642653  |
| 0.0951202  |
| 0.12452  |
| 0.152094  |
| 0.177553  |
| 0.20068  |
| 0.221329  |
| 0.239409  |
| 0.254875  |
| 0.267713  |
| 0.277926  |
| 0.285533  |
| 0.29055  |
| 0.292994  |
| 0.292876  |
| 0.290197  |
| 0.284953  |
| 0.277133  |
| 0.266724  |
| 0.253719  |
| 0.238119  |
| 0.219947  |
| 0.199259  |
| 0.176152  |
| 0.150779  |
| 0.123358  |
| 0.0941782  |
| 0.0636008  |
| 0.0320502  |
| 0.0287935  |
| 0.0571508  |
| 0.0846568  |
| 0.110937  |
| 0.135668  |
| 0.158587  |
| 0.17949  |
| 0.198228  |
| 0.214697  |
| 0.228835  |
| 0.240606  |
| 0.249995  |
| 0.256999  |
| 0.261622  |
| 0.26387  |
| 0.263748  |
| 0.261259  |
| 0.256402  |
| 0.249178  |
| 0.23959  |
| 0.227648  |
| 0.213375  |
| 0.196815  |
| 0.17804  |
| 0.157161  |
| 0.134332  |
| 0.10976  |
| 0.0837049  |
| 0.0564804  |
| 0.0284471  |
| 0.0256293  |
| 0.0508874  |
| 0.0754196  |
| 0.0989027  |
| 0.121054  |
| 0.141638  |
| 0.160466  |
| 0.177394  |
| 0.192317  |
| 0.205162  |
| 0.215881  |
| 0.224448  |
| 0.230846  |
| 0.235069  |
| 0.237117  |
| 0.236988  |
| 0.234687  |
| 0.230218  |
| 0.223588  |
| 0.214811  |
| 0.203909  |
| 0.190919  |
| 0.175897  |
| 0.158926  |
| 0.14012  |
| 0.119629  |
| 0.0976452  |
| 0.0744007  |
| 0.050169  |
| 0.0252578  |
| 0.0228364  |
| 0.0453498  |
| 0.0672318  |
| 0.0882001  |
| 0.108007  |
| 0.126445  |
| 0.143342  |
| 0.158566  |
| 0.172014  |
| 0.183613  |
| 0.19331  |
| 0.201069  |
| 0.206868  |
| 0.210693  |
| 0.212538  |
| 0.212401  |
| 0.210285  |
| 0.206195  |
| 0.200146  |
| 0.192156  |
| 0.182257  |
| 0.170493  |
| 0.156928  |
| 0.141648  |
| 0.124764  |
| 0.10642  |
| 0.0867907  |
| 0.0660838  |
| 0.0445372  |
| 0.022415  |
| 0.0203665  |
| 0.0404439  |
| 0.0599575  |
| 0.0786586  |
| 0.0963307  |
| 0.112791  |
| 0.127892  |
| 0.141513  |
| 0.153562  |
| 0.163967  |
| 0.172676  |
| 0.17965  |
| 0.184863  |
| 0.188297  |
| 0.189941  |
| 0.189793  |
| 0.187854  |
| 0.184133  |
| 0.178644  |
| 0.171411  |
| 0.16247  |
| 0.15187  |
| 0.139675  |
| 0.125972  |
| 0.110868  |
| 0.0944958  |
| 0.0770139  |
| 0.0586064  |
| 0.039481  |
| 0.019865  |
| 0.0181856  |
| 0.0361016  |
| 0.0534958  |
| 0.0701463  |
| 0.0858652  |
| 0.100498  |
| 0.113921  |
| 0.126033  |
| 0.136753  |
| 0.146017  |
| 0.153777  |
| 0.159993  |
| 0.164637  |
| 0.16769  |
| 0.169138  |
| 0.168977  |
| 0.167207  |
| 0.163837  |
| 0.158885  |
| 0.152374  |
| 0.144343  |
| 0.13484  |
| 0.123931  |
| 0.111697  |
| 0.0982403  |
| 0.0836812  |
| 0.0681626  |
| 0.051847  |
| 0.0349155  |
| 0.0175641  |
| 0.0162745  |
| 0.032281  |
| 0.047778  |
| 0.0625654  |
| 0.0764855  |
| 0.0894161  |
| 0.101261  |
| 0.111944  |
| 0.121399  |
| 0.129573  |
| 0.136422  |
| 0.141908  |
| 0.146004  |
| 0.148687  |
| 0.149944  |
| 0.149768  |
| 0.148159  |
| 0.145125  |
| 0.140683  |
| 0.134858  |
| 0.127687  |
| 0.119217  |
| 0.109512  |
| 0.0986463  |
| 0.0867145  |
| 0.0738263  |
| 0.0601083  |
| 0.0457036  |
| 0.0307698  |
| 0.015476  |
| 0.0146313  |
| 0.0289698  |
| 0.0427698  |
| 0.0558519  |
| 0.0680953  |
| 0.0794193  |
| 0.0897645  |
| 0.0990816  |
| 0.107325  |
| 0.114454  |
| 0.120428  |
| 0.125214  |
| 0.128782  |
| 0.13111  |
| 0.132183  |
| 0.131992  |
| 0.130536  |
| 0.127822  |
| 0.123865  |
| 0.118689  |
| 0.112329  |
| 0.104831  |
| 0.0962515  |
| 0.0866615  |
| 0.0761453  |
| 0.064801  |
| 0.0527407  |
| 0.0400895  |
| 0.026984  |
| 0.0135699  |
| 0.0132808  |
| 0.0261972  |
| 0.0384797  |
| 0.049977  |
| 0.0606246  |
| 0.0704012  |
| 0.0792958  |
| 0.0872928  |
| 0.0943677  |
| 0.100489  |
| 0.105623  |
| 0.109737  |
| 0.1128  |
| 0.114789  |
| 0.115686  |
| 0.115481  |
| 0.114171  |
| 0.111761  |
| 0.108265  |
| 0.103704  |
| 0.0981103  |
| 0.0915255  |
| 0.0840019  |
| 0.075603  |
| 0.066404  |
| 0.0564917  |
| 0.045964  |
| 0.0349297  |
| 0.0235066  |
| 0.0118199  |
| 0.0122947  |
| 0.0240586  |
| 0.0349747  |
| 0.0449516  |
| 0.0540251  |
| 0.062265  |
| 0.0697247  |
| 0.0764261  |
| 0.0823632  |
| 0.087512  |
| 0.0918393  |
| 0.0953102  |
| 0.0978927  |
| 0.0995599  |
| 0.100292  |
| 0.100075  |
| 0.0989064  |
| 0.0967872  |
| 0.0937291  |
| 0.0897514  |
| 0.0848823  |
| 0.0791589  |
| 0.0726276  |
| 0.0653447  |
| 0.0573762  |
| 0.0487977  |
| 0.039694  |
| 0.0301588  |
| 0.0202929  |
| 0.010203  |
| 0.0118396  |
| 0.0227676  |
| 0.0324091  |
| 0.0408298  |
| 0.0482591  |
| 0.054909  |
| 0.0609119  |
| 0.0663236  |
| 0.0711472  |
| 0.0753561  |
| 0.0789114  |
| 0.0817721  |
| 0.0839005  |
| 0.0852659  |
| 0.0858451  |
| 0.0856227  |
| 0.0845914  |
| 0.082752  |
| 0.0801129  |
| 0.0766905  |
| 0.0725088  |
| 0.0676001  |
| 0.062005  |
| 0.0557721  |
| 0.0489584  |
| 0.0416287  |
| 0.0338556  |
| 0.0257186  |
| 0.0173031  |
| 0.00869908  |
| 0.012296  |
| 0.0227633  |
| 0.0310642  |
| 0.0376993  |
| 0.0432726  |
| 0.0482001  |
| 0.0526903  |
| 0.0568093  |
| 0.0605457  |
| 0.0638539  |
| 0.0666783  |
| 0.0689659  |
| 0.0706714  |
| 0.0717583  |
| 0.0722  |
| 0.0719786  |
| 0.0710847  |
| 0.0695166  |
| 0.0672802  |
| 0.0643887  |
| 0.0608621  |
| 0.0567279  |
| 0.0520202  |
| 0.0467804  |
| 0.0410564  |
| 0.0349031  |
| 0.0283812  |
| 0.0215571  |
| 0.0145018  |
| 0.00729029  |
| 0.0145811  |
| 0.0249256  |
| 0.031385  |
| 0.0356305  |
| 0.038932  |
| 0.0419285  |
| 0.0448398  |
| 0.0476777  |
| 0.0503726  |
| 0.0528353  |
| 0.0549819  |
| 0.0567421  |
| 0.0580607  |
| 0.058896  |
| 0.0592181  |
| 0.0590072  |
| 0.0582522  |
| 0.0569495  |
| 0.0551027  |
| 0.0527219  |
| 0.0498232  |
| 0.0464291  |
| 0.0425676  |
| 0.0382727  |
| 0.033584  |
| 0.0285462  |
| 0.023209  |
| 0.0176266  |
| 0.0118568  |
| 0.00596029  |
| 0.0211029  |
| 0.0309728  |
| 0.0339197  |
| 0.0345058  |
| 0.0348964  |
| 0.035742  |
| 0.0370627  |
| 0.0386889  |
| 0.0404318  |
| 0.042133  |
| 0.0436718  |
| 0.0449598  |
| 0.0459332  |
| 0.0465468  |
| 0.0467692  |
| 0.0465799  |
| 0.0459672  |
| 0.0449265  |
| 0.0434593  |
| 0.0415729  |
| 0.0392799  |
| 0.0365976  |
| 0.0335483  |
| 0.0301589  |
| 0.0264606  |
| 0.0224886  |
| 0.018282  |
| 0.0138835  |
| 0.00933835  |
| 0.00469413  |
| 0.0388577  |
| 0.0439432  |
| 0.0388151  |
| 0.0335768  |
| 0.0304055  |
| 0.0290807  |
| 0.0289801  |
| 0.0295836  |
| 0.0305326  |
| 0.0315929  |
| 0.0326126  |
| 0.0334922  |
| 0.0341657  |
| 0.0345887  |
| 0.0347319  |
| 0.0345761  |
| 0.0341104  |
| 0.0333299  |
| 0.032235  |
| 0.0308306  |
| 0.0291257  |
| 0.0271331  |
| 0.0248693  |
| 0.0223541  |
| 0.0196108  |
| 0.0166655  |
| 0.0135471  |
| 0.0102871  |
| 0.006919  |
| 0.00347789  |
| 0.0903847  |
| 0.0671272  |
| 0.0438207  |
| 0.0305809  |
| 0.0240681  |
| 0.0211951  |
| 0.0201935  |
| 0.0201328  |
| 0.0205222  |
| 0.0210933  |
| 0.0216933  |
| 0.0222307  |
| 0.0226486  |
| 0.0229106  |
| 0.0229934  |
| 0.0228823  |
| 0.0225684  |
| 0.0220478  |
| 0.0213203  |
| 0.0203888  |
| 0.0192592  |
| 0.0179398  |
| 0.0164416  |
| 0.0147775  |
| 0.0129631  |
| 0.0110154  |
| 0.00895376  |
| 0.00679882  |
| 0.00457266  |
| 0.00229844  |
| 0.255554  |
| 0.0903602  |
| 0.0387597  |
| 0.0208579  |
| 0.014091  |
| 0.011438  |
| 0.0104659  |
| 0.0102321  |
| 0.0103298  |
| 0.010565  |
| 0.0108367  |
| 0.0110887  |
| 0.0112872  |
| 0.0114117  |
| 0.0114491  |
| 0.0113911  |
| 0.011233  |
| 0.0109726  |
| 0.0106095  |
| 0.0101452  |
| 0.00958248  |
| 0.00892548  |
| 0.00817961  |
| 0.0073514  |
| 0.00644846  |
| 0.0054794  |
| 0.00445372  |
| 0.00338174  |
| 0.0022744  |
| 0.00114321  |
Took time of: 18.7207 seconds.
~~~~~~~~~~Populating True Value Vector~~~~~~~~~
~~~~~~~~~~Calculating Absolute Error~~~~~~~~~~~~
| 0  |
| 0  |
| 0  |
| 0  |
| 0  |
| 0  |
| 0  |
| 0  |
| 0  |
| 0  |
| 0  |
| 0  |
| 0  |
| 0  |
| 0  |
| 0  |
| 0  |
| 0  |
| 0  |
| 0  |
| 0  |
| 0  |
| 0  |
| 0  |
| 0  |
| 0  |
| 0  |
| 0  |
| 0  |
| 0  |
| 0  |
| 0  |
| 0  |
| 0  |
| 0  |
| 0  |
| 0  |
| 0  |
| 0  |
| 0  |
| 0  |
| 0  |
| 0  |
| 0  |
| 0  |
| 0  |
| 0  |
| 0  |
| 0  |
| 0  |
| 0  |
| 0  |
| 0  |
| 0  |
| 0  |
| 0  |
| 0  |
| 0  |
| 0  |
| 0  |
| 0  |
| 0  |
| 0  |
| 0  |
| 0  |
| 0  |
| 0  |
| 0  |
| 0  |
| 0  |
| 0  |
| 0  |
| 0  |
| 0  |
| 0  |
| 0  |
| 0  |
| 0  |
| 0  |
| 0  |
| 0  |
| 0  |
| 0  |
| 0  |
| 0  |
| 0  |
| 0  |
| 0  |
| 0  |
| 0  |
| 0  |
| 0  |
| 0  |
| 0  |
| 0  |
| 0  |
| 0  |
| 0  |
| 0  |
| 0  |
| 0  |
| 0  |
| 0  |
| 0  |
| 0  |
| 0  |
| 0  |
| 0  |
| 0  |
| 0  |
| 0  |
| 0  |
| 0  |
| 0  |
| 0  |
| 0  |
| 0  |
| 0  |
| 0  |
| 0  |
| 0  |
| 0  |
| 0  |
| 0  |
| 0  |
| 0  |
| 0  |
| 0  |
| 0  |
| 0  |
| 0  |
| 0  |
| 0  |
| 0  |
| 0  |
| 0  |
| 0  |
| 0  |
| 0  |
| 0  |
| 0  |
| 0  |
| 0  |
| 0  |
| 0  |
| 0  |
| 0  |
| 0  |
| 0  |
| 0  |
| 0  |
| 0  |
| 0  |
| 0  |
| 0  |
| 0  |
| 0  |
| 0  |
| 0  |
| 0  |
| 0  |
| 0  |
| 0  |
| 0  |
| 0  |
| 0  |
| 0  |
| 0  |
| 0  |
| 0  |
| 0  |
| 0  |
| 0  |
| 0  |
| 0  |
| 0  |
| 0  |
| 0  |
| 0  |
| 0  |
| 0  |
| 0  |
| 0  |
| 0  |
| 0  |
| 0  |
| 0  |
| 0  |
| 0  |
| 0  |
| 0  |
| 0  |
| 0  |
| 0  |
| 0  |
| 0  |
| 0  |
| 0  |
| 0  |
| 0  |
| 0  |
| 0  |
| 0  |
| 0  |
| 0  |
| 0  |
| 0  |
| 0  |
| 0  |
| 0  |
| 0  |
| 0  |
| 0  |
| 0  |
| 0  |
| 0  |
| 0  |
| 0  |
| 0  |
| 0  |
| 0  |
| 0  |
| 0  |
| 0  |
| 0  |
| 0  |
| 0  |
| 0  |
| 0  |
| 0  |
| 0  |
| 0  |
| 0  |
| 0  |
| 0  |
| 0  |
| 0  |
| 0  |
| 0  |
| 0  |
| 0  |
| 0  |
| 0  |
| 0  |
| 0  |
| 0  |
| 0  |
| 0  |
| 0  |
| 0  |
| 0  |
| 0  |
| 0  |
| 0  |
| 0  |
| 0  |
| 0  |
| 0  |
| 0  |
| 0  |
| 0  |
| 0  |
| 0  |
| 0  |
| 0  |
| 0  |
| 0  |
| 0  |
| 0  |
| 0  |
| 0  |
| 0  |
| 0  |
| 0  |
| 0  |
| 0  |
| 0  |
| 0  |
| 0  |
| 0  |
| 0  |
| 0  |
| 0  |
| 0  |
| 0  |
| 0  |
| 0  |
| 0  |
| 0  |
| 0  |
| 0  |
| 0  |
| 0  |
| 0  |
| 0  |
| 0  |
| 0  |
| 0  |
| 0  |
| 0  |
| 0  |
| 0  |
| 0  |
| 0  |
| 0  |
| 0  |
| 0  |
| 0  |
| 0  |
| 0  |
| 0  |
| 0  |
| 0  |
| 0  |
| 0  |
| 0  |
| 0  |
| 0  |
| 0  |
| 0  |
| 0  |
| 0  |
| 0  |
| 0  |
| 0  |
| 0  |
| 0  |
| 0  |
| 0  |
| 0  |
| 0  |
| 0  |
| 0  |
| 0  |
| 0  |
| 0  |
| 0  |
| 0  |
| 0  |
| 0  |
| 0  |
| 0  |
| 0  |
| 0  |
| 0  |
| 0  |
| 0  |
| 0  |
| 0  |
| 0  |
| 0  |
| 0  |
| 0  |
| 0  |
| 0  |
| 0  |
| 0  |
| 0  |
| 0  |
| 0  |
| 0  |
| 0  |
| 0  |
| 0  |
| 0  |
| 0  |
| 0  |
| 0  |
| 0  |
| 0  |
| 0  |
| 0  |
| 0  |
| 0  |
| 0  |
| 0  |
| 0  |
| 0  |
| 0  |
| 0  |
| 0  |
| 0  |
| 0  |
| 0  |
| 0  |
| 0  |
| 0  |
| 0  |
| 0  |
| 0  |
| 0  |
| 0  |
| 0  |
| 0  |
| 0  |
| 0  |
| 0  |
| 0  |
| 0  |
| 0  |
| 0  |
| 0  |
| 0  |
| 0  |
| 0  |
| 0  |
| 0  |
| 0  |
| 0  |
| 0  |
| 0  |
| 0  |
| 0  |
| 0  |
| 0  |
| 0  |
| 0  |
| 0  |
| 0  |
| 0  |
| 0  |
| 0  |
| 0  |
| 0  |
| 0  |
| 0  |
| 0  |
| 0  |
| 0  |
| 0  |
| 0  |
| 0  |
| 0  |
| 0  |
| 0  |
| 0  |
| 0  |
| 0  |
| 0  |
| 0  |
| 0  |
| 0  |
| 0  |
| 0  |
| 0  |
| 0  |
| 0  |
| 0  |
| 0  |
| 0  |
| 0  |
| 0  |
| 0  |
| 0  |
| 0  |
| 0  |
| 0  |
| 0  |
| 0  |
| 0  |
| 0  |
| 0  |
| 0  |
| 0  |
| 0  |
| 0  |
| 0  |
| 0  |
| 0  |
| 0  |
| 0  |
| 0  |
| 0  |
| 0  |
| 0  |
| 0  |
| 0  |
| 0  |
| 0  |
| 0  |
| 0  |
| 0  |
| 0  |
| 0  |
| 0  |
| 0  |
| 0  |
| 0  |
| 0  |
| 0  |
| 0  |
| 0  |
| 0  |
| 0  |
| 0  |
| 0  |
| 0  |
| 0  |
| 0  |
| 0  |
| 0  |
| 0  |
| 0  |
| 0  |
| 0  |
| 0  |
| 0  |
| 0  |
| 0  |
| 0  |
| 0  |
| 0  |
| 0  |
| 0  |
| 0  |
| 0  |
| 0  |
| 0  |
| 0  |
| 0  |
| 0  |
| 0  |
| 0  |
| 0  |
| 0  |
| 0  |
| 0  |
| 0  |
| 0  |
| 0  |
| 0  |
| 0  |
| 0  |
| 0  |
| 0  |
| 0  |
| 0  |
| 0  |
| 0  |
| 0  |
| 0  |
| 0  |
| 0  |
| 0  |
| 0  |
| 0  |
| 0  |
| 0  |
| 0  |
| 0  |
| 0  |
| 0  |
| 0  |
| 0  |
| 0  |
| 0  |
| 0  |
| 0  |
| 0  |
| 0  |
| 0  |
| 0  |
| 0  |
| 0  |
| 0  |
| 0  |
| 0  |
| 0  |
| 0  |
| 0  |
| 0  |
| 0  |
| 0  |
| 0  |
| 0  |
| 0  |
| 0  |
| 0  |
| 0  |
| 0  |
| 0  |
| 0  |
| 0  |
| 0  |
| 0  |
| 0  |
| 0  |
| 0  |
| 0  |
| 0  |
| 0  |
| 0  |
| 0  |
| 0  |
| 0  |
| 0  |
| 0  |
| 0  |
| 0  |
| 0  |
| 0  |
| 0  |
| 0  |
| 0  |
| 0  |
| 0  |
| 0  |
| 0  |
| 0  |
| 0  |
| 0  |
| 0  |
| 0  |
| 0  |
| 0  |
| 0  |
| 0  |
| 0  |
| 0  |
| 0  |
| 0  |
| 0  |
| 0  |
| 0  |
| 0  |
| 0  |
| 0  |
| 0  |
| 0  |
| 0  |
| 0  |
| 0  |
| 0  |
| 0  |
| 0  |
| 0  |
| 0  |
| 0  |
| 0  |
| 0  |
| 0  |
| 0  |
| 0  |
| 0  |
| 0  |
| 0  |
| 0  |
| 0  |
| 0  |
| 0  |
| 0  |
| 0  |
| 0  |
| 0  |
| 0  |
| 0  |
| 0  |
| 0  |
| 0  |
| 0  |
| 0  |
| 0  |
| 0  |
| 0  |
| 0  |
| 0  |
| 0  |
| 0  |
| 0  |
| 0  |
| 0  |
| 0  |
| 0  |
| 0  |
| 0  |
| 0  |
| 0  |
| 0  |
| 0  |
| 0  |
| 0  |
| 0  |
| 0  |
| 0  |
| 0  |
| 0  |
| 0  |
| 0  |
| 0  |
| 0  |
| 0  |
| 0  |
| 0  |
| 0  |
| 0  |
| 0  |
| 0  |
| 0  |
| 0  |
| 0  |
| 0  |
| 0  |
| 0  |
| 0  |
| 0  |
| 0  |
| 0  |
| 0  |
| 0  |
| 0  |
| 0  |
| 0  |
| 0  |
| 0  |
| 0  |
| 0  |
| 0  |
| 0  |
| 0  |
| 0  |
| 0  |
| 0  |
| 0  |
| 0  |
| 0  |
| 0  |
| 0  |
| 0  |
| 0  |
| 0  |
| 0  |
| 0  |
| 0  |
| 0  |
| 0  |
| 0  |
| 0  |
| 0  |
| 0  |
| 0  |
| 0  |
| 0  |
| 0  |
| 0  |
| 0  |
| 0  |
| 0  |
| 0  |
| 0  |
| 0  |
| 0  |
| 0  |
| 0  |
| 0  |
| 0  |
| 0  |
| 0  |
| 0  |
| 0  |
| 0  |
| 0  |
| 0  |
| 0  |
| 0  |
| 0  |
| 0  |
| 0  |
| 0  |
| 0  |
| 0  |
| 0  |
| 0  |
| 0  |
| 0  |
| 0  |
| 0  |
| 0  |
| 0  |
| 0  |
| 0  |
| 0  |
| 0  |
| 0  |
| 0  |
| 0  |
| 0  |
| 0  |
| 0  |
| 0  |
| 0  |
| 0  |
| 0  |
| 0  |
| 0  |
| 0  |
| 0  |
| 0  |
| 0  |
| 0  |
| 0  |
| 0  |
| 0  |
| 0  |
| 0  |
| 0  |
| 0  |
| 0  |
| 0  |
| 0  |
| 0  |
| 0  |
| 0  |
| 0  |
| 0  |
| 0  |
| 0  |
| 0  |
| 0  |
| 0  |
| 0  |
| 0  |
| 0  |
| 0  |
| 0  |
| 0  |
| 0  |
| 0  |
| 0  |
| 0  |
| 0  |
| 0  |
| 0  |
| 0  |
| 0  |
| 0  |
| 0  |
| 0  |
| 0  |
| 0  |
| 0  |
| 0  |
| 0  |
| 0  |
| 0  |
| 0  |
| 0  |
| 0  |
| 0  |
| 0  |
| 0  |
| 0  |
| 0  |
| 0  |
| 0  |
| 0  |
| 0  |
| 0  |
| 0  |
| 0  |
| 0  |
| 0  |
| 0  |
| 0  |
| 0  |
| 0  |
| 0  |
| 0  |
| 0  |
| 0  |
| 0  |
| 0  |
| 0  |
| 0  |
| 0  |
| 0  |
| 0  |
| 0  |
| 0  |
| 0  |
| 0  |
| 0  |
| 0  |
| 0  |
| 0  |
| 0  |
| 0  |
| 0  |
| 0  |
| 0  |
| 0  |
| 0  |
| 0  |
| 0  |
| 0  |
| 0  |
| 0  |
| 0  |
| 0  |
| 0  |
| 0  |

0  0.934827   
Absolute Error:  inf
